<?xml version="1.0"?>
<opencv_storage>
<CornersAmount>48</CornersAmount>
<Corner_0>
  297 416</Corner_0>
<Corner_1>
  311 416</Corner_1>
<Corner_2>
  326 417</Corner_2>
<Corner_3>
  341 417</Corner_3>
<Corner_4>
  356 417</Corner_4>
<Corner_5>
  370 416</Corner_5>
<Corner_6>
  385 416</Corner_6>
<Corner_7>
  400 415</Corner_7>
<Corner_8>
  295 421</Corner_8>
<Corner_9>
  310 421</Corner_9>
<Corner_10>
  325 422</Corner_10>
<Corner_11>
  341 421</Corner_11>
<Corner_12>
  356 421</Corner_12>
<Corner_13>
  371 422</Corner_13>
<Corner_14>
  387 421</Corner_14>
<Corner_15>
  402 421</Corner_15>
<Corner_16>
  294 426</Corner_16>
<Corner_17>
  310 426</Corner_17>
<Corner_18>
  325 427</Corner_18>
<Corner_19>
  340 428</Corner_19>
<Corner_20>
  356 427</Corner_20>
<Corner_21>
  372 427</Corner_21>
<Corner_22>
  387 427</Corner_22>
<Corner_23>
  403 426</Corner_23>
<Corner_24>
  293 432</Corner_24>
<Corner_25>
  308 433</Corner_25>
<Corner_26>
  324 433</Corner_26>
<Corner_27>
  340 433</Corner_27>
<Corner_28>
  357 433</Corner_28>
<Corner_29>
  373 433</Corner_29>
<Corner_30>
  389 433</Corner_30>
<Corner_31>
  404 433</Corner_31>
<Corner_32>
  290 439</Corner_32>
<Corner_33>
  307 439</Corner_33>
<Corner_34>
  324 440</Corner_34>
<Corner_35>
  340 440</Corner_35>
<Corner_36>
  357 440</Corner_36>
<Corner_37>
  373 439</Corner_37>
<Corner_38>
  389 440</Corner_38>
<Corner_39>
  406 440</Corner_39>
<Corner_40>
  288 446</Corner_40>
<Corner_41>
  305 446</Corner_41>
<Corner_42>
  322 446</Corner_42>
<Corner_43>
  340 446</Corner_43>
<Corner_44>
  357 447</Corner_44>
<Corner_45>
  374 447</Corner_45>
<Corner_46>
  391 447</Corner_46>
<Corner_47>
  408 446</Corner_47>
</opencv_storage>
