<?xml version="1.0"?>
<opencv_storage>
<CornersAmount>48</CornersAmount>
<Corner_0>
  242 356</Corner_0>
<Corner_1>
  254 356</Corner_1>
<Corner_2>
  267 356</Corner_2>
<Corner_3>
  280 356</Corner_3>
<Corner_4>
  293 356</Corner_4>
<Corner_5>
  306 356</Corner_5>
<Corner_6>
  320 356</Corner_6>
<Corner_7>
  333 356</Corner_7>
<Corner_8>
  240 362</Corner_8>
<Corner_9>
  253 362</Corner_9>
<Corner_10>
  266 362</Corner_10>
<Corner_11>
  279 363</Corner_11>
<Corner_12>
  293 363</Corner_12>
<Corner_13>
  306 363</Corner_13>
<Corner_14>
  320 363</Corner_14>
<Corner_15>
  333 363</Corner_15>
<Corner_16>
  238 369</Corner_16>
<Corner_17>
  252 369</Corner_17>
<Corner_18>
  265 369</Corner_18>
<Corner_19>
  278 370</Corner_19>
<Corner_20>
  292 370</Corner_20>
<Corner_21>
  306 370</Corner_21>
<Corner_22>
  320 370</Corner_22>
<Corner_23>
  334 370</Corner_23>
<Corner_24>
  237 376</Corner_24>
<Corner_25>
  250 376</Corner_25>
<Corner_26>
  264 377</Corner_26>
<Corner_27>
  278 377</Corner_27>
<Corner_28>
  292 377</Corner_28>
<Corner_29>
  306 377</Corner_29>
<Corner_30>
  320 378</Corner_30>
<Corner_31>
  334 378</Corner_31>
<Corner_32>
  235 384</Corner_32>
<Corner_33>
  249 384</Corner_33>
<Corner_34>
  263 384</Corner_34>
<Corner_35>
  277 384</Corner_35>
<Corner_36>
  291 385</Corner_36>
<Corner_37>
  305 385</Corner_37>
<Corner_38>
  320 385</Corner_38>
<Corner_39>
  334 386</Corner_39>
<Corner_40>
  233 391</Corner_40>
<Corner_41>
  247 392</Corner_41>
<Corner_42>
  262 392</Corner_42>
<Corner_43>
  276 392</Corner_43>
<Corner_44>
  290 393</Corner_44>
<Corner_45>
  305 393</Corner_45>
<Corner_46>
  320 393</Corner_46>
<Corner_47>
  335 394</Corner_47>
</opencv_storage>
