<?xml version="1.0"?>
<opencv_storage>
<CameraMatrix type_id="opencv-matrix">
  <rows>3</rows>
  <cols>3</cols>
  <dt>f</dt>
  <data>
    4.94676300e+02 0. 2.42500000e+02 0. 4.90322388e+02 3.21500000e+02 0.
    0. 1.</data></CameraMatrix>
<DistortionCoeffs type_id="opencv-matrix">
  <rows>5</rows>
  <cols>1</cols>
  <dt>f</dt>
  <data>
    -3.40400010e-01 1.21299997e-01 -1.09999999e-02 1.04000000e-02
    -2.67999992e-02</data></DistortionCoeffs>
<RotationValues type_id="opencv-matrix">
  <rows>3</rows>
  <cols>1</cols>
  <dt>f</dt>
  <data>
    1.49777830e+00 1.64012063e+00 -1.07131922e+00</data></RotationValues>
<TranslationValues type_id="opencv-matrix">
  <rows>3</rows>
  <cols>1</cols>
  <dt>f</dt>
  <data>
    -7.91794395e+00 3.05877197e+02 4.40964697e+03</data></TranslationValues>
</opencv_storage>
