<?xml version="1.0"?>
<opencv_storage>
<CornersAmount>48</CornersAmount>
<Corner_0>
  398 410</Corner_0>
<Corner_1>
  397 399</Corner_1>
<Corner_2>
  396 390</Corner_2>
<Corner_3>
  395 381</Corner_3>
<Corner_4>
  394 372</Corner_4>
<Corner_5>
  393 364</Corner_5>
<Corner_6>
  393 356</Corner_6>
<Corner_7>
  392 349</Corner_7>
<Corner_8>
  413 409</Corner_8>
<Corner_9>
  412 399</Corner_9>
<Corner_10>
  411 389</Corner_10>
<Corner_11>
  409 380</Corner_11>
<Corner_12>
  408 372</Corner_12>
<Corner_13>
  407 364</Corner_13>
<Corner_14>
  406 356</Corner_14>
<Corner_15>
  405 349</Corner_15>
<Corner_16>
  428 408</Corner_16>
<Corner_17>
  427 398</Corner_17>
<Corner_18>
  425 389</Corner_18>
<Corner_19>
  423 380</Corner_19>
<Corner_20>
  422 372</Corner_20>
<Corner_21>
  421 363</Corner_21>
<Corner_22>
  419 356</Corner_22>
<Corner_23>
  418 348</Corner_23>
<Corner_24>
  444 408</Corner_24>
<Corner_25>
  441 398</Corner_25>
<Corner_26>
  439 389</Corner_26>
<Corner_27>
  437 380</Corner_27>
<Corner_28>
  436 371</Corner_28>
<Corner_29>
  434 363</Corner_29>
<Corner_30>
  432 356</Corner_30>
<Corner_31>
  431 348</Corner_31>
<Corner_32>
  458 407</Corner_32>
<Corner_33>
  456 398</Corner_33>
<Corner_34>
  453 388</Corner_34>
<Corner_35>
  451 380</Corner_35>
<Corner_36>
  449 371</Corner_36>
<Corner_37>
  447 363</Corner_37>
<Corner_38>
  445 356</Corner_38>
<Corner_39>
  443 348</Corner_39>
<Corner_40>
  473 407</Corner_40>
<Corner_41>
  470 397</Corner_41>
<Corner_42>
  467 388</Corner_42>
<Corner_43>
  465 379</Corner_43>
<Corner_44>
  462 371</Corner_44>
<Corner_45>
  460 363</Corner_45>
<Corner_46>
  458 356</Corner_46>
<Corner_47>
  456 348</Corner_47>
</opencv_storage>
