<?xml version="1.0"?>
<opencv_storage>
<CameraMatrix type_id="opencv-matrix">
  <rows>3</rows>
  <cols>3</cols>
  <dt>f</dt>
  <data>
    4.49798492e+02 0. 2.42500000e+02 0. 4.43987488e+02 3.21500000e+02 0.
    0. 1.</data></CameraMatrix>
<DistortionCoeffs type_id="opencv-matrix">
  <rows>5</rows>
  <cols>1</cols>
  <dt>f</dt>
  <data>
    -3.89499992e-01 2.61900008e-01 -1.78999994e-02 1.16999997e-02
    -9.92000028e-02</data></DistortionCoeffs>
<RotationValues type_id="opencv-matrix">
  <rows>3</rows>
  <cols>1</cols>
  <dt>f</dt>
  <data>
    2.09678602e+00 1.46408185e-01 -2.49294892e-01</data></RotationValues>
<TranslationValues type_id="opencv-matrix">
  <rows>3</rows>
  <cols>1</cols>
  <dt>f</dt>
  <data>
    1.13741357e+03 6.62761475e+02 3.11417358e+03</data></TranslationValues>
</opencv_storage>
