<?xml version="1.0"?>
<opencv_storage>
<CornersAmount>48</CornersAmount>
<Corner_0>
  316 306</Corner_0>
<Corner_1>
  323 309</Corner_1>
<Corner_2>
  331 314</Corner_2>
<Corner_3>
  339 318</Corner_3>
<Corner_4>
  347 322</Corner_4>
<Corner_5>
  356 327</Corner_5>
<Corner_6>
  365 331</Corner_6>
<Corner_7>
  374 336</Corner_7>
<Corner_8>
  307 309</Corner_8>
<Corner_9>
  314 313</Corner_9>
<Corner_10>
  322 317</Corner_10>
<Corner_11>
  330 322</Corner_11>
<Corner_12>
  338 326</Corner_12>
<Corner_13>
  347 331</Corner_13>
<Corner_14>
  356 336</Corner_14>
<Corner_15>
  365 341</Corner_15>
<Corner_16>
  298 312</Corner_16>
<Corner_17>
  306 317</Corner_17>
<Corner_18>
  313 321</Corner_18>
<Corner_19>
  321 325</Corner_19>
<Corner_20>
  329 330</Corner_20>
<Corner_21>
  338 335</Corner_21>
<Corner_22>
  347 340</Corner_22>
<Corner_23>
  356 345</Corner_23>
<Corner_24>
  289 316</Corner_24>
<Corner_25>
  297 320</Corner_25>
<Corner_26>
  304 325</Corner_26>
<Corner_27>
  312 329</Corner_27>
<Corner_28>
  320 334</Corner_28>
<Corner_29>
  329 339</Corner_29>
<Corner_30>
  338 345</Corner_30>
<Corner_31>
  347 350</Corner_31>
<Corner_32>
  280 320</Corner_32>
<Corner_33>
  287 324</Corner_33>
<Corner_34>
  295 329</Corner_34>
<Corner_35>
  303 334</Corner_35>
<Corner_36>
  311 339</Corner_36>
<Corner_37>
  319 344</Corner_37>
<Corner_38>
  328 349</Corner_38>
<Corner_39>
  337 355</Corner_39>
<Corner_40>
  270 324</Corner_40>
<Corner_41>
  278 328</Corner_41>
<Corner_42>
  285 333</Corner_42>
<Corner_43>
  293 338</Corner_43>
<Corner_44>
  301 343</Corner_44>
<Corner_45>
  309 348</Corner_45>
<Corner_46>
  318 354</Corner_46>
<Corner_47>
  327 360</Corner_47>
</opencv_storage>
