<?xml version="1.0"?>
<opencv_storage>
<CameraMatrix type_id="opencv-matrix">
  <rows>3</rows>
  <cols>3</cols>
  <dt>f</dt>
  <data>
    4.97525909e+02 0. 2.42500000e+02 0. 5.01860413e+02 3.21500000e+02 0.
    0. 1.</data></CameraMatrix>
<DistortionCoeffs type_id="opencv-matrix">
  <rows>5</rows>
  <cols>1</cols>
  <dt>f</dt>
  <data>
    -3.36499989e-01 1.44999996e-01 -8.70000012e-03 5.10000018e-03
    -4.43999991e-02</data></DistortionCoeffs>
<RotationValues type_id="opencv-matrix">
  <rows>3</rows>
  <cols>1</cols>
  <dt>f</dt>
  <data>
    7.80365288e-01 2.39041257e+00 -1.43917942e+00</data></RotationValues>
<TranslationValues type_id="opencv-matrix">
  <rows>3</rows>
  <cols>1</cols>
  <dt>f</dt>
  <data>
    7.39811951e+02 -1.62081161e+02 5.01617090e+03</data></TranslationValues>
</opencv_storage>
