<?xml version="1.0"?>
<opencv_storage>
<CornersAmount>48</CornersAmount>
<Corner_0>
  232 351</Corner_0>
<Corner_1>
  242 348</Corner_1>
<Corner_2>
  251 344</Corner_2>
<Corner_3>
  261 341</Corner_3>
<Corner_4>
  271 338</Corner_4>
<Corner_5>
  280 335</Corner_5>
<Corner_6>
  289 334</Corner_6>
<Corner_7>
  297 329</Corner_7>
<Corner_8>
  240 353</Corner_8>
<Corner_9>
  251 350</Corner_9>
<Corner_10>
  260 347</Corner_10>
<Corner_11>
  269 345</Corner_11>
<Corner_12>
  280 341</Corner_12>
<Corner_13>
  289 339</Corner_13>
<Corner_14>
  296 336</Corner_14>
<Corner_15>
  306 333</Corner_15>
<Corner_16>
  248 357</Corner_16>
<Corner_17>
  260 353</Corner_17>
<Corner_18>
  269 350</Corner_18>
<Corner_19>
  279 347</Corner_19>
<Corner_20>
  289 345</Corner_20>
<Corner_21>
  298 341</Corner_21>
<Corner_22>
  306 339</Corner_22>
<Corner_23>
  315 335</Corner_23>
<Corner_24>
  258 360</Corner_24>
<Corner_25>
  267 357</Corner_25>
<Corner_26>
  279 354</Corner_26>
<Corner_27>
  288 350</Corner_27>
<Corner_28>
  298 346</Corner_28>
<Corner_29>
  308 344</Corner_29>
<Corner_30>
  316 341</Corner_30>
<Corner_31>
  325 339</Corner_31>
<Corner_32>
  267 363</Corner_32>
<Corner_33>
  277 359</Corner_33>
<Corner_34>
  287 357</Corner_34>
<Corner_35>
  297 353</Corner_35>
<Corner_36>
  308 350</Corner_36>
<Corner_37>
  317 346</Corner_37>
<Corner_38>
  326 344</Corner_38>
<Corner_39>
  334 341</Corner_39>
<Corner_40>
  278 367</Corner_40>
<Corner_41>
  287 364</Corner_41>
<Corner_42>
  297 359</Corner_42>
<Corner_43>
  307 356</Corner_43>
<Corner_44>
  317 353</Corner_44>
<Corner_45>
  327 350</Corner_45>
<Corner_46>
  335 346</Corner_46>
<Corner_47>
  342 344</Corner_47>
</opencv_storage>
