<?xml version="1.0"?>
<opencv_storage>
<CornersAmount>48</CornersAmount>
<Corner_0>
  252 363</Corner_0>
<Corner_1>
  260 357</Corner_1>
<Corner_2>
  268 352</Corner_2>
<Corner_3>
  276 347</Corner_3>
<Corner_4>
  284 343</Corner_4>
<Corner_5>
  292 338</Corner_5>
<Corner_6>
  299 334</Corner_6>
<Corner_7>
  306 330</Corner_7>
<Corner_8>
  260 366</Corner_8>
<Corner_9>
  269 361</Corner_9>
<Corner_10>
  277 355</Corner_10>
<Corner_11>
  285 350</Corner_11>
<Corner_12>
  293 346</Corner_12>
<Corner_13>
  300 341</Corner_13>
<Corner_14>
  307 336</Corner_14>
<Corner_15>
  314 332</Corner_15>
<Corner_16>
  269 370</Corner_16>
<Corner_17>
  278 364</Corner_17>
<Corner_18>
  286 359</Corner_18>
<Corner_19>
  294 354</Corner_19>
<Corner_20>
  302 349</Corner_20>
<Corner_21>
  309 344</Corner_21>
<Corner_22>
  316 339</Corner_22>
<Corner_23>
  323 335</Corner_23>
<Corner_24>
  278 373</Corner_24>
<Corner_25>
  287 368</Corner_25>
<Corner_26>
  295 362</Corner_26>
<Corner_27>
  303 357</Corner_27>
<Corner_28>
  311 352</Corner_28>
<Corner_29>
  318 347</Corner_29>
<Corner_30>
  325 342</Corner_30>
<Corner_31>
  332 338</Corner_31>
<Corner_32>
  288 377</Corner_32>
<Corner_33>
  297 371</Corner_33>
<Corner_34>
  305 366</Corner_34>
<Corner_35>
  313 360</Corner_35>
<Corner_36>
  320 355</Corner_36>
<Corner_37>
  328 350</Corner_37>
<Corner_38>
  335 345</Corner_38>
<Corner_39>
  341 340</Corner_39>
<Corner_40>
  298 381</Corner_40>
<Corner_41>
  307 375</Corner_41>
<Corner_42>
  315 369</Corner_42>
<Corner_43>
  323 364</Corner_43>
<Corner_44>
  330 358</Corner_44>
<Corner_45>
  337 353</Corner_45>
<Corner_46>
  344 348</Corner_46>
<Corner_47>
  351 343</Corner_47>
</opencv_storage>
