<?xml version="1.0"?>
<opencv_storage>
<CameraMatrix type_id="opencv-matrix">
  <rows>3</rows>
  <cols>3</cols>
  <dt>f</dt>
  <data>
    4.97768494e+02 0. 2.42500000e+02 0. 5.06375000e+02 3.21500000e+02 0.
    0. 1.</data></CameraMatrix>
<DistortionCoeffs type_id="opencv-matrix">
  <rows>5</rows>
  <cols>1</cols>
  <dt>f</dt>
  <data>
    -3.61000001e-01 1.76899999e-01 -8.10000021e-03 1.04000000e-02
    -5.84000014e-02</data></DistortionCoeffs>
<RotationValues type_id="opencv-matrix">
  <rows>3</rows>
  <cols>1</cols>
  <dt>f</dt>
  <data>
    1.92630601e+00 7.23942757e-01 -6.28506899e-01</data></RotationValues>
<TranslationValues type_id="opencv-matrix">
  <rows>3</rows>
  <cols>1</cols>
  <dt>f</dt>
  <data>
    8.72584152e+01 3.82231445e+02 4.70368848e+03</data></TranslationValues>
</opencv_storage>
